"x"
9.89364423813525
38.7838745421459
22.9969172176666
22.7602140512317
12.8186482470483
4.190030740574
1.32747693071611
12.5844788271934
5.63858786921037
30.8947172015905
1.75525085069239
4.76542511023581
6.10915943980217
1.55566005719498
7.61733972467482
2.21607624553144
6.15725759416819
7.61424889788032
8.86928173713386
33.495225943625
11.5995485201659
1.05349579825997
24.4151779155268
13.6223162726372
17.2672799804603
8.00058827735484
10.2277473543269
38.316528641275
0.301242928773443
5.33890444785357
10.3774017188698
28.2777262550749
17.2875039340053
1.12227979116142
4.67790756374598
7.11447043584859
5.31542066535182
33.9819747863372
5.08221448399127
20.5041440860092
26.7462769988924
59.4698684290051
5.75497513636947
6.43461709842086
16.1728204693645
4.97984813050243
24.6207781510456
15.5319483019412
48.8797448400079
22.4652604057535
3.99242853745818
19.0027675125748
0.355132909902784
10.2460781301762
6.90389424562454
7.91285578359884
42.4684327887441
12.7902487292886
39.5500559782574
18.585397163406
10.3410963406747
10.6165215594243
6.67700078338385
10.9015476256145
52.7404184401999
15.4438382014632
33.7031035750682
22.5234497338533
8.05966439656913
18.0681836342061
10.2170857980309
6.02000043727458
13.3027008268982
9.3749555905539
3.41572620688566
17.1685079112649
15.1127064600587
46.3184758994266
21.840538829565
12.3930281398933
10.5262406707576
18.7625829130411
2.9218510455393
5.44194364920259
5.78060396946967
9.42767794466638
20.7018037326634
15.335890930146
7.52045604416373
38.4302547900006
104.085870319977
22.7228609548494
12.2305633709271
45.8185051924787
5.93363963123407
20.8659272175282
29.8608214361593
18.0603365879506
26.0058589560113
15.8573545014335
15.1465294794699
8.04199395988367
10.6040645849441
7.947847071882
10.6500111518689
32.8267337341568
10.7768818270415
6.48223678581417
4.14111832402681
6.23366446234286
0.660128425806761
0.750359613448381
0.675324117764831
0.548903235872087
10.7824709266424
31.3808408100158
11.113197542727
28.0925491824746
17.2912271227688
6.11689776356172
7.95019523678806
7.17216024809224
3.92905926323623
19.9859763921266
10.0071376648673
0.567046226933599
25.4218757618219
2.03815428457738
25.0801574788346
1.13043934106827
2.92422825990812
37.044208974501
3.65210347808897
13.787497166371
4.20037559686497
7.9620024189353
32.3897608218417
0.443214108695224
3.73750791275668
13.9851097679474
15.8835651861341
10.3831109014296
1.25779654925541
15.6539469026029
22.5079925689315
8.36117694923237
12.3182416427881
8.53327452205122
29.716994613409
2.13015242479742
18.3121368754655
0.0496390764128016
10.5783868771921
1.37112213464705
1.32546606234982
23.2825186246053
4.37966161862558
2.33661814808056
12.0126351248473
1.06500293077831
4.05080383643508
6.05670324208493
2.43172850993029
1.26642504662329
17.6859052153304
33.6598353686095
15.7350674271584
0.269608572125435
28.448177035898
23.0222404934466
12.4287919607013
13.3375474152317
60.216992850083
14.4571570822864
1.35128215851464
20.7335908641179
3.9202169295453
38.8952135108411
21.1358538363129
0.903994669597492
14.7787912283093
0.612715957686305
7.99387809820473
10.5537456704099
22.8080258239061
32.6106674037874
13.2536131422967
9.08356648162595
5.7914957683948
3.29959169983147
0.654922155144175
1.17819290608168
8.8895406817703
2.39337151861511
2.66853166101705
14.0332488808781
10.9694503413405
14.4018456948058
11.8171277858095
15.4706067405641
5.79857778533571
28.2348260516301
14.570172806742
2.43513961322606
1.05145387351513
0.0939778362670252
0.757394591346383
64.0695821493864
3.75450426925715
20.1580067457134
1.19222910143435
7.90643040090799
19.5790478028357
35.5043087620288
17.6762288901955
65.6682308763266
46.2852290365845
26.2391108909692
18.1897217407823
17.9122644476593
24.4713760912418
60.928943566978
41.6340061929077
12.77188770473
1.77047797478735
17.6864543272917
0.245143892243505
36.4866841118783
12.1722312178463
73.9444064477863
13.0222249784438
30.7111931033432
31.639845110476
4.6427488559857
7.50777998831861
9.70503350021606
8.58845792850678
10.1855501998216
8.05202369036473
14.363203663379
9.67354630120099
0.854216050356627
6.1625522219999
6.81152218021452
0.799345190415464
15.0485920400434
16.9255735818297
13.6037989286706
5.42441909118718
5.01858303323388
3.13858268782496
16.6917918249965
6.84819378054315
18.1722501292825
14.3445807043463
23.5100174748504
23.2530838530036
63.344786176458
22.4460562900837
24.9306322075427
17.4750864971429
64.4952687434852
6.9262163204312
35.16096516978
1.25217023317036
10.1738201919943
6.25629560090601
28.0118943192065
3.38623454675276
51.4607152069229
12.5474228067202
21.4242655783892
11.2752662971616
15.4524203389883
1.883181049284
32.2210299782455
2.56147914572154
40.7147143014123
15.8010376617312
5.51892328076065
20.8617433672771
1.46976725126345
29.7902233432978
1.27507371722919
15.4313430004243
6.05630381197205
3.49508288369723
24.6408795723428
21.9044702104149
4.32049593228805
0.227290258963897
5.79238520003855
9.30340071181596
43.1236216340949
15.9226497635245
1.1067195731541
19.6391134522855
6.64133376665626
1.33817433379591
29.6487112063915
8.88947804924101
29.1230942672549
46.036454031843
4.93563828058541
31.5292705469737
7.28485400766895
8.50035978419439
31.3740600744011
12.0071556533535
0.251932676140442
1.70215972558852
1.5937106218189
23.7295801052824
2.64119652002899
3.36085096481119
8.9329881879686
21.6188782360405
52.1423993632197
1.59999006427824
21.4617398559675
17.729140818119
5.5748363956809
5.576630610195
2.41164605147682
3.65155660443488
12.402351712808
1.85945653356612
10.4308950889525
21.8136038943808
6.2643876299262
8.25130623258482
3.1330285128206
29.8254369267868
21.4810331817716
31.9818871794268
22.3855874125697
19.8834296315908
21.3896568418581
21.5286690112264
6.99621741659939
6.86790989299409
12.796890313174
11.908964952454
4.36501262010165
13.2105906959623
7.89153156802058
5.83760556764901
43.8162125647068
37.8532631409129
38.6151413832748
4.87171579152346
26.1745599183945
14.4613650627434
27.0126481773332
25.5771703856233
31.2586699146777
39.6841043206774
20.4618609791097
32.7025295284281
37.4808885679353
34.8561954451725
14.439576105348
11.6318709915504
18.3249447727576
17.4575986250571
14.543472789228
5.01562259159982
6.34129275940433
16.0317456887198
34.9789729807526
14.1006545163691
1.46322068758309
3.56564887030721
0.546288210898638
9.10123622081168
21.6842796653509
27.5018357206136
44.417774796383
16.43450348638
12.5378433429118
1.41650671139359
18.89334525913
1.38231545749737
13.0767025984824
24.2062006145716
16.223139828071
10.9277405578656
1.85709912329912
37.5236158895361
33.3604587064322
18.2745280201291
16.6390789672732
7.3532441088256
19.229999743402
1.39679992571473
3.38943907991052
21.7817261436543
25.3557658288628
11.5127034951001
16.0095724277198
3.56569647914894
34.6742814872414
14.3204256892204
6.20910315774381
23.118155553941
5.41507848538458
15.7386140154913
17.0280504971743
12.021284783259
7.14155502522039
14.2695467755873
51.5207984931652
39.7416518535465
11.4785514558183
19.0369646577195
68.1575196187365
6.23172149062157
48.8082002848387
26.5612697694451
19.301624270156
14.53021002568
8.561977204842
1.8793682102114
3.87476743120544
3.43861756846309
0.467122299596667
3.39230507753912
6.56455638818443
22.0774650806561
15.6428504441944
25.0718567986041
5.12932392302901
5.98939725073973
19.4473016334766
1.16392504423857
2.91000209245319
48.8707399100185
1.89492106688478
29.0040511827423
16.6758021805435
0.795086619868476
90.5376479917109
18.0374376941472
21.1120771212875
3.54434945620596
19.4785354544453
3.96824441850185
10.0227573420852
17.9693603422493
40.9238975460831
20.3363120090216
10.0054475478828
5.74597041122615
25.6189987877378
9.30775571044071
2.89090443402529
5.70491142386378
34.6323269364857
45.4718700573614
9.7905145958066
42.4701991574655
1.09626176656216
27.1658165112418
2.57678213529289
53.2748248644557
19.6027211007951
7.92829113494097
30.0578813673731
4.2115873657167
6.46709813736379
14.5806197542697
12.6133255476284
44.4412406068295
12.2826482402161
21.643964573741
10.7032559928462
9.07605517817988
12.0089385641301
1.33484056605985
5.34411507911798
5.2826766757846
9.28914791568683
5.83486398681998
1.84163451194763
25.1114286947995
13.5580253734471
8.37111962027848
3.59861637935173
5.48399053514004
26.2792825860841
33.7964703794569
17.96486787498
28.7926243618131
5.45383722055703
3.04057844914496
26.4201551314631
18.2082201354206
3.48231755197048
4.72419228155217
12.8604945153417
0.919145531952381
4.28023499076812
4.61872317828238
23.2468359172344
46.1587244309747
7.68968812755765
49.5076844823647
3.19819656740757
4.17089725106918
9.03966063945973
26.9362882332515
1.95428496226668
30.4715451784432
12.5145952999475
4.11754387807129
0.180839560925961
1.10596069134772
26.7172439870625
47.2838484526434
42.8552239645436
33.9271246921271
3.47846013556497
2.53668986260891
8.26369381112619
4.5972503721714
10.6832757592201
0.591402680576181
0.284089059630478
28.7701061461121
23.1335291751748
21.2984613608569
25.992332957685
0.169645063579082
2.67881032925534
8.23688720897437
8.9903618209064
0.234653707593679
0.733782973765101
31.6083640791476
12.4567913071767
11.0159802716225
9.83133213594556
13.0293457280017
25.2339500002563
60.2610838825743
6.36434834967786
21.0855577860451
16.4888601284474
27.0198587095365
7.42503558285534
8.48240102641284
7.70145800155071
9.82820830595492
13.929158449173
7.63943699510318
13.0140734836459
18.5522344286345
6.21010336827716
16.5288744028658
0.0817125075480808
10.8154042680667
21.6600032462026
15.764880226925
14.3490047220538
6.7962686727974
1.70229119248688
10.4448146231895
16.7063169647008
7.33715307433158
7.61341885663569
7.51612591557205
1.90126360394061
8.39340006579379
4.71681705676019
15.669594402425
24.9777339631692
36.7906753501909
6.37222680605598
8.39899975320465
20.763582417089
19.5159705287827
26.496306527406
36.3914844919072
56.7705516779107
6.00947849879891
20.9947963708487
36.4471045299295
20.2184217050672
5.47247938811779
30.2753420143771
9.71315428614616
12.3600126244128
14.6000855602324
15.5444594565779
23.9191169384867
1.34804677460026
5.83733664825559
6.08847125039652
0.27436064556241
44.8629540624097
10.0300810919374
6.51937793008983
12.692193267867
1.94727586460045
4.91030734784885
4.93851839564741
7.22419832597092
1.09487562440336
27.6735775405541
52.4414409660566
24.6472016442567
73.6041467171162
3.33854945017502
6.89181981989796
51.4826762955636
52.9478979296982
39.0455441083759
43.1390388295228
10.740612189823
12.4047201451876
0.520218163728714
0.652660382911563
24.3617674926118
8.83628131606161
9.76078611675869
2.96802718391281
21.7856687959284
10.0136443410597
6.615697639063
13.4437685913883
14.3547006882727
2.43575661443174
12.7834419254214
8.27035750262439
28.4931645728648
5.85929963525445
3.73093345448447
7.3551863881826
8.95682605914772
36.0630091745406
17.5726297311485
3.71658825315535
16.4875987345022
24.3275368120521
27.2374734665642
6.11215664916118
4.10700566135347
11.4877393934876
0.857155537232757
2.2334698587656
41.3299491629004
12.1182617790976
5.50264725461602
11.7254642234087
2.30849140923241
11.7127038538456
42.0692516136146
9.49891633354127
47.1977086272091
22.0963148797753
5.70386523973983
14.1049758531153
19.4731878582388
1.20202894322574
9.3494972679764
6.65439292788506
70.5600290093571
55.7033964432776
9.6754461992532
31.7878916393965
1.50061132527351
1.92138593438447
2.99704759720545
6.51341566780717
11.5094822747518
24.8130946420133
0.511508992168397
1.67981463675821
32.1037458635235
4.12505120038986
10.8371640089899
19.5137793116685
23.599221919536
2.11875403631603
5.40526700206101
24.7462093830109
27.2139138542116
2.42441167649877
4.47750324383378
3.46568296663463
17.7937404486835
29.4117906523713
7.55169147899147
21.3980598024248
51.3899017350288
8.79386667965017
9.06122462051373
21.2911795824766
22.5658590987402
3.69786168448627
8.03380040451884
5.85788977332413
4.80799836774244
32.3353321291506
0.199690041628188
2.7231709100306
14.5307066850364
21.7471760697663
7.74628249928355
28.0305964234433
51.0710880773219
46.0193352773786
6.19214493781328
22.011105902493
31.3771824881826
10.4017124976963
42.7455983590335
3.3585982164368
2.35170046775726
8.0264441203326
4.08704509027302
21.0082952527264
8.95173114341724
15.9179645916136
11.8561888231317
8.32803675727035
24.7495628922002
3.22725934450006
6.61073485389352
29.1935971472412
2.44950293563306
57.8733556903899
0.891962140045351
4.61072790428292
12.6691025334425
0.911576207727194
2.13629950835553
19.4251851644367
36.4684977103025
18.7401485442982
2.67608734558678
26.3905515894294
22.2328828596246
26.276713469997
20.6684062904834
4.80436072946185
4.64453716185726
9.74178779870272
7.96749140135944
28.9415010483935
7.34854898940775
23.9468356594443
32.276108510687
2.17987922951579
8.11789301224053
20.688030635938
12.4416698514182
21.3148334950954
13.9634816359965
24.9857231974602
2.96034561833781
2.9609864577651
8.6152798623195
25.6706410666864
8.60646657809132
26.430357247591
2.62479414232075
10.7481109444052
0.274245487789908
53.116565104574
10.0373599996814
31.7219907348644
10.2338392687456
0.509548699483275
4.40415152612266
24.6680811664951
15.1830035007479
10.0264674983919
37.0430888142437
9.63301003750529
4.43235250248674
11.0205949749798
2.95378729865602
3.73379560187459
28.9967467356789
25.4567410365402
5.63538435901207
2.30247504077852
3.97006257991547
16.450088005513
9.33868694119155
15.069206668516
11.6296228952706
3.73168551279803
5.48521195090377
16.1281612236053
11.8214462418109
2.93487408107845
9.19097568839788
20.998757991332
2.19217413264173
6.37532017037467
5.18355052918196
1.07884523458779
19.845923606448
9.78655181825161
26.6500387806445
23.0103067588061
15.4465925879776
11.7118319030851
30.1228323951364
0.163445188334186
0.368514222149248
6.37979701535708
36.7498479317874
27.510056970641
61.0295595806998
41.3775569759309
1.07936425892801
26.0602927301079
7.24962346478282
12.8270895220339
3.50886362605658
37.4975287122652
6.2912458088249
0.633453018963337
9.58147871136578
6.0698077775057
21.020763362834
29.8444356303662
10.7143202330917
3.80624822132544
5.49316173419356
8.64685622486985
14.0327657572925
12.6600440125912
10.9284976497293
24.964306037873
12.0644694364403
33.5300387814641
18.6481238809367
1.34888840209064
29.2738512958011
15.0643987581134
9.4759906642139
31.1486015561968
19.9756455962412
2.75050289928913
19.3938950542361
1.45645614188531
21.454116795212
0.239697203813774
0.829942291602492
15.3501704335213
72.0160620985553
25.4714143229648
23.6311960983402
2.68687726929784
8.05359287187457
6.68834588401351
12.384251691401
6.78563132438704
6.91576121705315
10.8337231013591
5.79857733100653
11.3624054938555
10.0217771250755
6.8514049565719
8.82041756995022
37.9764486569911
31.778453849256
11.5039153024554
14.0824227128178
1.07673811726272
12.8118577413261
23.2058784760261
1.68661664915534
48.2423883301413
12.5500889018575
11.4337855484337
16.4630345534533
3.42611260021499
41.6447489901167
6.66630337946117
16.1774267271143
30.1925244275481
47.0173615030944
7.76842935010791
0.701198587194085
26.5858462080359
1.21044344268739
15.1188505865059
23.7332420194228
5.34296238029725
21.4177730958909
1.37233408167958
15.7508836127818
29.8388258241708
1.09400680201577
17.0412544624811
5.19823795684988
4.44404854242863
36.9605561718345
9.31543364483286
6.16437406279147
55.6581303407613
5.83054148592055
0.896090641617775
20.2036881819367
26.2600998394191
11.5677097346634
1.61809501848677
24.1245697529893
9.04155450304548
39.2181449569762
16.6892399317122
24.0392703562975
6.00329018197954
7.5208046377168
13.0696974490928
2.51025427132845
5.22641115821898
2.37994710914791
7.24560455230356
29.338215244934
15.7435972087482
2.40164226852357
0.365278031305345
10.3174964897335
7.3656712269135
2.44207052213597
22.0673044677824
4.07315557822585
15.4596590436995
42.8309445446121
65.5608960660174
9.51364636421204
9.98688333042582
15.7079740893096
27.4735854825162
6.94597951721969
16.8901415780161
36.2903318418043
24.2266197087195
0.481382012367249
20.7928672898561
18.0491255727795
5.77017830430947
4.08654769784652
12.5808280427009
24.3370851967484
3.36036922788717
1.75804645381753
6.79846736602485
11.1489340608337
36.0034901841919
0.905643682926893
5.11169375706253
19.4661143883288
47.1954653039575
6.24549691565335
32.4258941691369
17.9422743863995
0.572266346986065
3.93486465327442
43.2203116361052
7.45461341950483
43.6462541497101
1.88463311895701
10.8078717827207
31.9722387939692
4.25082049332559
14.6402061218396
12.2624146752059
22.9553610552102
4.97988968737276
0.246361596509814
8.83920816704631
72.0900273881853
16.6592840105295
8.38477280922234
1.88340083695948
37.0460862960315
4.62445663288236
25.7256487384439
1.02870282717049
4.56790323369205
0.427909883400257
47.9565502610058
20.3766394406557
3.57064860561922
36.224847426638
45.8959239767864
0.806065509095788
18.6908314327643
41.7172827292234
55.843585015938
31.7559777993587
18.7211142872925
18.4235232882202
0.765517091036807
34.8475272767246
46.0868736263365
23.6268209264775
31.1713065248465
6.95254770107567
20.2576279646248
15.5788706615567
12.3658059690382
4.29662413280405
11.0367171966039
26.0044536882505
37.0653055142611
2.21240143494421
10.9066721051931
7.61550185165178
3.95108130760491
6.86762948498555
9.23231506259447
9.04733817038713
41.1244318820536
27.3883006576323
24.5686178233444
18.9303210936487
4.17122151702642
2.78733670711517
11.8311122059822
9.79751996934241
11.6870854449964
6.72235755985819
33.3282775502059
35.3347445194238
16.1806185368346
8.06023483164608
16.0642564756555
20.0695218518376
23.3583198860288
10.7091647342636
33.9245714712888
0.735249971634249
3.53879171402089
9.41993319429457
7.20674055628479
8.51837685331702
2.06096416481178
9.90610104054213
42.1803320059553
10.1190971185799
4.40018251538277
42.993874521926
5.01565159334845
23.4448046586826
51.2780935969204
9.611896323124
18.1301917297813
35.0748712662607
8.29157652333379
1.95978791452944
1.58731127157807
0.773084072619827
24.1938034989601
2.19114939682186
10.5819000164047
1.05464947409928
51.7389026936144
2.36356514506042
35.2422904688865
14.2820041535323
16.0001101903617
10.555665759205
16.5885851571238
7.37021625744044
18.5064064803493
30.8414606843144
22.3431328777224
6.69900865070378
1.18786965082605
7.73908512511416
4.32095749597405
3.96877593079427
8.23801771723327
2.15000722359323
11.2469750456512
13.9732991440135
6.56666171917876
6.60483725368977
16.6209188230295
3.27032525092363
50.4238763824105
7.31550845324158
11.5362743521723
7.51525901458384
21.8127239377381
12.3457174586133
4.67942329123616
17.4434832297266
21.080516744405
12.6860593503965
1.87316741704688
16.8550165835768
4.71163308247924
4.51028579846025
22.0832868944854
14.8234244091845
9.05821921151283
16.894434039603
24.529034944701
7.19317328184843
2.0477381864981
18.8654404910213
1.48117118271874
7.91985105561625
38.8275366276503
31.3124735995007
32.6861662081368
0.921503829808546
9.19183483347297
40.8698896725507
5.47084840945899
45.1758108101785
77.7819100767374
5.84802590310574
18.7256117351353
0.842089066281915
6.08958279581168
27.5323529491351
0.226091360673308
7.5807748362422
1.70023180544376
1.58831488105013
26.6159290913492
1.46709389376043
6.40947022475302
21.3128081019977
2.48158001340926
17.2169681172818
0.409064044437695
23.1283728955357
0.00161468051373959
13.7574325862782
31.6556135658175
17.091705230996
1.88267873565719
13.6438241720895
14.7668889258057
17.9012457374483
63.0776584148407
1.54205869526814
2.55974638275802
13.9138323720545
7.17805325438398
13.8614853410795
0.10231276974082
16.9649417512119
15.0671086517614
1.28136736402809
25.4092326171811
12.3880267907223
4.94276528090088
3.67231084965169
21.3219714350998
5.87292020210389
24.2143403738737
17.6099319904226
14.8983518498554
2.27495795115829
3.86541067994488
8.01735356003092
28.1834881840373
27.4123367076203
2.53159249358812
3.66137249859288
0.830614112818323
30.944530502893
11.6825220175087
7.25638432377438
27.3243362017799
27.2156530991197
1.60117284394801
40.581428213045
15.2018489362457
6.60605379380286
0.0446627420568983
13.7311424190198
13.6686953537852
23.9429099019617
43.8918380532414
0.922067873543713
33.5398875176907
7.18096271157265
22.0429090563586
5.51970939832009
25.3239902667701
4.64640674181283
27.607902129002
21.265126997605
6.16993038207501
5.87354530580342
3.54661839082837
10.8789175283164
13.8435780536383
12.8767045680434
22.0730400178581
1.53941218741238
32.356144944927
1.11724274103724
8.72999418061227
4.43977827140359
17.5607111304998
6.85347360558808
16.2433704826981
65.8627684460953
8.62364409026925
9.41179809160531
4.24927100539207
10.1906350517979
24.7957312967628
43.8505853526294
6.33311574347317
3.22122391514787
1.22216092774975
9.63777536526322
18.0371606256813
22.5418945774436
3.34346163363401
39.0582054030792
8.93945700954646
40.0641765978204
16.5083182638125
46.0677544244971
59.9857629276812
14.5459620968592
8.34327239355603
20.6229973000055
22.3077111877501
25.1153146382421
18.9687504671985
9.32434573769569
9.12026618607342
25.6170053035021
9.89385065622628
33.3120409178494
3.46684035046281
9.67210391536355
1.44679797813296
4.56399175682185
22.9696207679808
0.724404838872235
17.8808158098281
18.8216986134648
8.04878217378599
37.7443234901875
27.7467675041407
12.3318657279015
0.849744537845254
3.68476146832108
18.161324551329
0.206914264708757
6.2711420468986
14.1097497156175
6.01661740802228
9.01656187845683
11.6508081555367
0.899153528735042
27.517672162503
5.13734866905553
42.5011350307614
10.6414360732353
3.01040098969048
39.9676348315552
7.91341982733401
3.58616933226585
1.70537503436208
25.0382261932063
26.2626726180315
10.2526056251503
34.2168998904526
9.50381295536543
11.650996748358
8.10795114375651
5.45622082427144
6.38125190928341
7.15490890186314
3.06147728827311
0.972258082819346
4.46745427325368
3.49235720932484
19.2121544387192
4.97017987072468
19.1780121531337
5.70665439162911
35.2261820808053
5.976352840662
3.37833422236145
15.4192006477644
6.5104418899864
40.2100825449452
0.967419473454356
28.9198133892583
3.27001791447401
3.76513891387731
3.23949400989721
5.3904901256184
28.9822701376472
0.21517276763916
14.3073324608016
19.7813636623323
15.2088422328234
4.14131791330874
9.26390030136955
8.84930717585408
13.7892237398773
42.8246163064614
4.29617008194327
10.1935395946087
29.4629548255788
1.76176478505022
9.70484921708703
4.031095886603
20.9039321634918
7.97684770077467
40.1719310320914
22.2831312566996
8.31628334708512
18.8614070538106
1.68238650076091
7.94472021998819
2.70850956439972
3.94457248327714
28.9286905899644
31.5952588571236
22.9810946621001
10.7302330434322
14.2005030615187
2.87116388790309
17.9769174845943
16.493687017738
12.2466442658861
15.8869325030252
21.5915974099203
8.28646239824593
6.74331654550382
1.49538507685065
3.93939078535814
14.1771884468689
2.88252253085375
2.29536912136218
3.16758058033884
16.5611435014389
4.98342645946323
1.60947943199123
34.598580095917
2.55440842579392
1.52242545447901
3.19050330135452
3.01405438221991
8.94404029815275
5.85970431040923
5.04893985687757
5.00438152812421
3.96069493510638
0.468346735555767
29.868817377142
18.8910201568364
12.1231441061643
1.47871556691825
12.4690250959247
5.25329727679491
8.92846776879205
13.644171958713
1.57195026986301
14.2778496768935
11.7015746714752
33.6648197844625
19.2150182556361
28.5615303071985
4.04254766181111
13.7331306933595
0.896850833669305
5.96967670017642
17.3000650023936
17.5017933361232
43.9851052392032
26.0393391363323
24.6061594123787
8.4989738827421
25.1883715691756
0.0650819856673479
70.8699412254083
42.1633557343517
4.15795289115832
6.72154128551483
4.41297610736413
5.19264311101614
14.2406928353012
1.70855464204231
3.92477144487202
28.4526471915917
12.9065996439174
7.36328997789708
10.6553806690499
5.84061606787145
0.266627175733447
13.0755000282079
27.3549430385108
10.7378107322585
23.4508700668812
15.1227387832478
25.2198095433131
10.9369371336163
0.710579566657543
20.0568384411778
0.459031137700776
1.70336769908143
2.81693181023002
15.2047048322856
13.6703602038324
9.05846245586872
1.93558264891189
1.57257410688431
8.63296911120415
1.05624552816153
7.11579299333348
2.04728832329015
30.5700208991766
7.28569200397649
8.00388671325524
10.9529651746916
21.8360845473706
7.49641924630851
0.818141270428896
17.9188137175064
22.4339394363966
2.71190307103097
1.70692335814238
0.39345002733171
5.03812567330897
0.53701199967907
26.1933825177869
26.7799753928557
17.2031342075446
10.6707261875272
9.87064209766686
4.79437643662095
3.11372194010917
5.37270680069923
52.09821742028
9.11941635422409
8.61543923089989
2.81285463702774
41.8781174812466
8.25266470201313
15.4344637196538
2.36962689086795
8.93715186975896
4.63552726925129
4.03642527065065
27.743699029088
4.92637977004051
45.7421934642146
13.5898729786277
4.61848411083861
1.6503781080246
13.0616309781363
1.42949945084258
22.7016548470379
44.724396429956
9.71575151197612
0.600361212118137
26.183114387095
45.3015021048486
12.1934083011335
32.3870136635378
39.3086589774076
1.48234849288985
11.3533481503031
3.43075647960825
4.22377721406519
37.5438482733443
19.9423874715297
0.937581062316895
3.12021731928832
6.54787290841341
28.8045092020184
4.56794208029183
39.0790124842425
7.95201930097024
21.3538630621663
0.785734710185041
9.13734780624509
17.5155349542694
4.75384178571403
17.014486996411
22.6075120735914
1.78981688804924
20.4538518001491
34.2793331563966
7.17935967259109
23.7918993401621
30.5701194203637
0.00759027898311615
0.267251426166787
17.0525902083919
31.354360980913
5.05847623571754
15.3315902923474
3.97455994971097
38.495184853673
6.05493085458875
4.9202616304197
4.57512913271785
1.60572640278914
0.370837775704919
15.5613932292908
0.807690666988492
12.6881047617644
28.5127642564476
41.9013428946351
0.0444408364386279
2.07415316253901
28.2281113865477
21.6098327655345
43.2896323036402
19.3174870219082
0.177857353043706
14.8190593239407
1.45062688302572
33.6363413371146
18.649450876534
0.413666712120175
14.3744082888588
3.59632424078882
29.2072688462213
0.998219587683842
33.3637146670494
1.90149061381817
32.7796211540742
7.61350550801686
10.0746983662248
8.51843944357678
2.77719400070693
32.8741682791183
9.59216617047787
29.5078777708113
15.6413076911122
6.34119845926762
5.56084142025792
10.1842433630622
5.26443199931517
57.2721986598989
8.58564093754902
5.11257391543754
5.05123843596456
13.0421702588787
34.9710998125374
7.47485807079201
2.45647854171693
1.9429309759289
2.9087662798918
13.721140931072
36.3335874862969
14.3459415994585
36.8919805623591
2.15588021092117
8.94689118015038
2.42092180997133
28.7258779862896
1.75021762360495
32.8985741045593
20.6227534459042
8.91512518916259
44.4560567848384
6.8214104976505
8.26185264003817
14.6814027961676
25.3237650031224
4.69908933155239
1.54980807565153
20.1203988399357
4.21312710062031
3.0730024445802
3.4406129270792
15.7318519461055
56.2428891425952
3.43460589647293
1.83056108653545
1.24021200463176
9.63574391472238
0.960265751928091
36.9268265509426
5.0012394785881
6.80015073157847
0.230390482183514
2.34610602538828
12.4465532274933
0.894787200298313
8.11391626484692
4.0285277646035
3.97111405618489
7.18542374670506
27.6978592155501
4.56735491752625
51.8117577303201
6.37777162225941
3.57740675099194
1.95325517200446
34.8219112493098
63.9229873195291
2.8853947767108
10.7474535400342
44.7565107606351
0.541132176294923
11.0738340299577
36.3765712827444
16.9335876125842
3.97741328924894
56.8934756899544
5.53659883665903
4.41219943770019
7.05819517105522
9.31100965373407
0.764586729928851
3.38586862199008
14.2818371191214
34.5156595576555
5.2568206366085
0.703256023056787
10.65359916538
64.5329994299811
13.6294309702237
11.1464655492455
33.6605340081888
8.0271032859682
7.43316644323138
2.0214940142224
10.2143759140745
11.4711236695776
31.0238643627725
4.43962751887739
7.84521249571386
19.8855926651643
57.7790354494479
8.05687275715172
3.69169166494954
12.3486494370278
6.6138352224402
23.8543782791128
27.9435387346894
31.8386219441891
11.6931786760688
10.0974254124348
4.67632441543792
12.6061656619887
28.3888296689838
28.595677063045
47.8786483065029
13.4181638713926
23.6349832266569
6.5494099694849
44.6819060016423
15.5057855974925
7.18844529621996
45.1635696226731
0.89905182281671
61.9657765599292
32.4317259985099
1.71412015333772
3.78073068908339
1.32752776727594
8.92855226993561
11.1481978092343
8.25033173896372
9.12322182254039
51.435484783724
7.59916380047798
6.37517129187805
14.9442325346172
3.911004618669
7.39413324497762
36.1226708501878
27.4149468168616
1.38657967655101
2.46161556552846
11.190619552508
9.09473397769034
25.3271555993706
5.45029062777758
9.49415642978782
11.4911899894407
6.54603121802211
7.9078818700315
7.51237504847585
4.94308603538547
0.185233075171709
0.0298046506941319
42.6715554203838
36.3773616114309
2.49804346822202
50.4887918941677
86.9549228809774
2.00607641532974
15.8593185678876
19.776439294219
12.5401420518756
19.3146690489011
10.4650901630521
2.80983349290118
7.51014066063224
30.68374034196
44.9970864450168
5.9895190970974
2.45768501183175
0.33394549973309
17.8885331843048
28.7545286118984
13.0269548390061
23.3996206401551
3.86671163141727
2.92307475415788
0.926500651985407
5.95808838532558
20.6849491223693
13.2030411623418
0.72486000135541
19.8701072841918
48.7438100390136
21.5340324211866
13.1063433463587
34.1716278351186
20.2096188454979
11.350963794608
40.6581130370925
19.1867812099091
25.9320624270641
21.3648681528866
8.87165589586723
4.21964912675321
6.8623319926803
6.78429464563553
10.5084761173532
10.0836987343534
15.0344090070575
50.7719413093651
8.8289740961045
18.1969619199246
15.8835598267615
51.2922124471515
23.2914896635548
1.5908875502646
13.0476392237072
23.1093245172634
56.9957745834418
44.9393877565484
27.0850682863966
35.0571016315371
25.8873554412276
1.48612169532997
6.44352287054062
7.77701040913561
26.3007683679461
1.39372745824788
11.8517043526654
33.2531795246342
1.03128608316183
4.67363512143493
24.266162654385
3.55636118911207
4.53143147751689
14.6457227935383
62.9175620338717
6.99150769118785
4.8389274161309
4.89071593619883
7.98899098299444
6.439647404477
4.73095999944465
33.6497005759048
4.06881328672171
7.50611419789493
2.53123744459889
14.1756469383836
1.70146818698904
17.4026921158656
5.76172722503543
12.2787410979774
14.2276251731132
3.8017838837506
35.1191648251331
14.7989827673882
8.49144200259325
23.7255054526031
26.3616466892204
26.3387965969741
28.4008169546723
15.3145447131462
8.62191896885633
14.2282511890356
16.7342613539411
6.35700408064263
12.7380215769002
11.2435070076225
54.1824696119875
7.27121125025768
2.3470411542803
28.7272872679174
29.4429785571992
3.68311535567045
44.1663863942045
50.9187811985612
2.95665813609958
26.8208924701738
1.9198190420866
7.36825783949301
6.69710920192301
25.3874991809277
4.00683609768748
0.520730391144753
5.0364201888442
2.42059772411784
8.45551141537726
9.83769074082375
10.3320304875064
6.4883915729672
0.14153503451569
48.2504640240222
26.413585514768
7.18541366200963
19.0761484290219
0.267177592115617
9.54774557612836
6.34828698821366
36.1656717208962
5.90186566114426
3.48579022102058
2.2146909032017
8.77763690619464
0.758982575775885
0.297513300527458
26.576231641144
32.0431566797197
18.1804096791893
10.7699789776125
11.7433280684054
30.0622987560928
14.9719212281424
11.2982313538765
30.9821106016387
11.2061272079572
14.432635704538
7.50941321366908
8.55203070914103
15.94438101165
9.67522495886028
17.3794711008668
23.5183821062649
0.0261521823103045
3.54928595348071
22.2318689338863
2.06482976068205
3.84757702704519
2.76620499789715
66.400122595951
0.773208448663354
16.8393401196283
15.8885746046004
4.87986486405134
1.08459316222398
6.06887275353074
37.5429137704163
6.3514627981931
40.6842353986576
6.18985750659569
27.5489131602295
1.52347725816071
21.832802361544
1.3127748388797
40.9287430771636
18.114682544388
29.6126818085915
24.6642159763724
21.1799517273903
16.1160179413855
21.8877440784127
12.5771237071604
35.7065815478563
42.2654114663601
8.37854086212965
14.3386098559645
15.0570890400559
10.8345325570554
5.68311787136107
0.139205025523851
25.2325991744883
2.56781233474612
57.0043668849394
1.00283869434081
20.4755206820409
18.5674628025545
11.8205952458084
25.739240162589
5.06207828333822
4.65640448965132
18.7945005018264
22.5295277778059
27.0981446374208
13.2825586479157
73.3622047810732
4.08268650062382
11.1169756171552
9.39836609177291
0.02447417237142
1.42195960506797
13.6735616251826
19.5056607481092
19.3371827860013
13.2864963961765
47.4594940897077
23.576186504215
9.27895679930158
20.72700914348
15.2741675265133
8.20590123640805
1.49110564962029
29.34180945158
0.319136306643486
26.6927108168602
14.7585105150938
2.15843203477561
9.1305747628212
51.1648296378553
8.90817833291645
0.380024264836552
14.8789197362493
2.15457726893532
7.18582721338913
21.8893454875797
27.7452185359819
31.6175885795805
0.85378298535943
43.8507355283946
14.2919886959602
20.8460006397218
28.8261865673329
2.81318090856075
0.611254945397377
24.5093472767621
5.64426260106669
42.8239407483488
3.49205972224686
16.8497837148607
10.5522229944038
9.47142019867897
16.9124870703112
13.0676629487425
13.9216159004718
8.21748176438901
25.9982830982036
54.2230424995211
12.2749386355281
4.62577956063782
7.17207229277445
3.57677461579442
31.9323316216469
39.2956135328859
9.4932151465016
0.877889106050134
16.7610639214453
3.22940060868859
32.0350023272366
18.6982657760382
34.3615713063627
36.6423120780686
38.9628316997803
2.70557356998324
17.0764832291752
24.9165890272707
43.124717194587
2.61273450196487
4.50833351351321
12.0340453692459
0.194581370830843
12.9308726172894
14.4091096743537
7.00281115991778
6.07077932064897
1.19166008121144
5.36389723875021
14.9991575202642
0.0172446016222239
14.0907654882421
3.04598020682263
10.2913391310722
28.0542989494279
32.1702868677676
49.242427382509
7.59489246822111
26.8020178191364
5.46297660448832
42.9695527650622
4.98926849104464
7.43776094168425
10.867838951805
10.2540047373623
1.3442721683532
5.59099717065692
23.7560527065867
7.99483498135361
6.24993905793954
18.8974919728935
6.44030301162896
35.304797347635
45.528121991083
28.6597677040845
10.0908541818807
13.3025681134313
7.10787483602293
6.18545731991777
43.3139544911683
3.69149638800546
11.1841642002551
0.894871524433256
0.516411382704973
15.3833261751205
9.35596763156354
0.595798483118415
1.52661930769682
3.89734632335603
39.0622206032276
21.0934975690668
23.8950156532543
2.41672446241712
7.12596927769482
9.61514306254685
12.616058617916
28.9875704542057
1.80473085492849
20.5615733284503
5.18530840054154
1.98983238078654
40.6832655426115
1.55635563044207
14.5175226728216
8.09006396184292
0.344521831721067
19.8991991107471
31.1814726667631
23.1252168305218
3.14907520078123
8.89083378632768
45.0221076607704
4.58220834843814
25.0230450183153
26.2154758446067
0.0193679223626384
2.10495997961958
4.00384670163524
14.2867024987936
1.96428271010518
14.3713760189712
2.22698086872697
18.093524267897
10.7898552655733
30.6026887096896
18.4226676356047
44.3731586948524
45.9552115607409
10.0442273733697
10.8562852256
1.90105776589186
4.34434611815959
17.9609491563036
9.03624974837454
3.93780064769089
18.2321586180478
2.59138637455774
11.3658816553652
42.6460622111335
11.6950788888313
11.7417073112013
1.16759716047039
3.1815969850868
5.16397815017749
6.30646729513773
18.4105396220736
2.8175465287275
19.2352175578708
6.16802199375789
27.4042540695518
4.75231907330453
2.59255359810984
0.820218119770288
0.365641553054548
14.1426117625087
9.22856606803998
11.2797893831392
12.4553674800369
0.840151616291584
48.0692369164899
4.0614209137857
11.0559863969684
3.92447807826102
4.88043297082186
15.8556876704097
7.90278194472194
3.49401496350765
15.9916590439764
6.37389719486237
10.0579578429461
4.78506018571421
10.2588678016979
26.2996018864214
9.47585567171669
36.337339924514
12.9635829944164
77.8208071446887
23.3158406177884
10.5317612790754
57.0679178751864
13.1986738360086
12.2308776699756
3.50118165701682
12.0848835429269
30.291596399183
17.8706273436546
7.27405043177726
4.80570628443809
27.7538772206753
13.0707479547709
2.76083148734519
51.0681522256457
5.06812473759055
18.0708810221404
16.9810139460216
9.55129268838008
48.684053537621
2.4522771127522
3.93940934473713
10.9986029565334
0.398049596697092
1.55561487190425
4.44303100430267
9.02839936316013
38.8288058303474
17.2137251575075
23.5692760907114
7.29342521304083
8.46746377646923
6.4126041252166
19.9465969404154
9.91737353615463
9.23283281736076
23.2416996913216
18.8838215385797
16.5067959912712
4.64084907434881
12.4989869073033
17.0555940035337
6.91935043956249
10.9123426955193
8.62666055420459
42.3040543682873
1.88135980935514
25.0090635381639
15.1085259232849
13.2958882022649
34.9362581106119
45.7024435745552
6.19537546299398
15.418129041791
16.2084889598191
5.77245838940144
11.6710783840887
31.6462442607297
1.17324176244438
21.6116697993129
3.64113715477288
9.44354338571429
57.7687513344353
64.4211482722312
0.788118923082948
10.949611896649
26.6974483920537
9.57734300754964
53.3493581200556
1.42648816108704
3.19662620313466
16.0431751282886
7.14831741061062
53.9663837989792
9.64508210660395
2.45629693381488
6.3487580678677
17.4816172857139
5.38310967385769
14.8306414484978
5.33438149177112
29.6943050343543
18.0022231978371
21.421437850222
20.7170948851854
47.7690910819743
43.6006393283606
11.7352092638612
6.74956711009145
8.92966566607356
3.511379632303
5.5317918304354
10.8686788007617
2.71064462140203
16.7816830798984
0.69588875653021
97.6564650190994
8.22293257330325
4.11706161685288
9.83996433205903
0.185820133556768
23.5804470903713
15.0230026338249
0.804228727876455
1.97030724698836
35.7613366869162
24.3013328872621
29.1807774920017
29.0921920943193
8.32880730740726
15.3598816448179
32.6599460095167
17.0991814229637
18.2536620331107
34.9016834516078
41.0658190958202
47.337879659608
51.1032431697247
15.0762426904742
7.00336531735957
13.7665621868786
11.594349876727
8.88909678906202
2.31577549129725
8.76010313463319
2.84992134803886
5.32815814949572
16.598553964426
4.39731199150281
3.3147656060088
1.38003144348823
5.03192306496203
4.93422231806223
18.9540826249868
22.8196522220969
2.30886300027682
16.4445151535179
4.64738812297583
5.89417177252471
20.6045643426478
20.7629199279523
4.1945290286094
18.475100165233
11.1250404742527
47.5632736925036
9.42472484894097
9.76695509294661
10.6508713387382
10.9757847380802
14.0605005435646
9.06825950369239
0.145561209360636
26.7247064712726
14.4858401990393
32.928588334471
11.453073059658
5.32055112324623
2.63531279342674
9.43373072300328
4.45001901395439
1.89721847592398
17.6263449368794
3.50248883478343
15.5460051838745
0.20629839094028
6.83680642396212
14.6445337828891
7.9792176674045
27.1951080528535
5.79860417193104
47.2575783375836
2.60316184721887
9.1993439223671
45.3182973433286
7.82267132300996
13.3280793670565
7.3876790702343
18.6866708099842
9.34069376655772
5.31811499968171
19.6488811812711
19.0907142331122
7.49832317779744
7.93742714449763
12.3256124061333
4.62003517895937
32.2537100873888
20.0129195582122
3.29905105705242
3.45530609988988
1.73687948208786
17.1981262974441
19.0584058873355
33.3121954448527
0.120257027447224
2.16442393139005
13.7157109566033
10.471265995875
24.8160022412399
3.93437773570903
9.66538558714092
7.20391981303692
3.42086634793432
12.3000932600322
16.7914119083434
29.3674748900084
4.20461385510862
15.9195255967719
26.3066177270722
4.76352686798201
22.0116507261992
37.2035813052207
10.1553738455899
16.288113547489
6.45433591946362
7.24650871683183
19.5663550402969
1.85680696135543
12.7435308882047
1.94974360056221
38.1122875171485
3.37859964929521
38.9913260005414
27.6907137595117
4.87782876007259
7.75298685766757
54.9283274449408
13.5444395709783
23.4423216897994
17.4062896080006
42.1334670648945
25.0359841395322
9.69788596059805
15.0557665619999
29.0127216404453
7.56345922127366
4.01456607505679
5.5904348846525
8.69083388376343
0.405984465032816
10.0304885913455
6.38598459772766
22.5964187300941
0.973064452409744
21.2276820093393
11.7900955956429
12.8154569545223
13.624722133004
4.38665389083326
8.83930828422308
13.1587484964765
12.4801430405844
13.1326197958152
13.0804977379739
9.75241704723181
0.334884971380234
15.9999780589715
16.0637126051584
33.3680980838835
5.87747781537473
22.3000498954207
21.629052254031
0.413710748084277
25.5396187099701
21.2335702963173
11.0060220010905
7.80186303145237
41.6547508815293
4.68918162696051
5.821893206915
36.5921965097737
7.67004907687596
0.42388797737658
54.818227654323
14.20869622041
23.4087486751378
5.96525613218546
8.50346288643777
7.8782054230383
36.9798426982015
23.8963845185935
15.8668551685741
22.7271881144056
16.2677124573581
9.8461511907835
0.75887655839324
10.9610008075833
12.0216247159988
8.48597989666571
10.5574305140674
17.8255705905682
6.8027141969651
6.44029933027923
78.9547662716359
13.0123645067215
9.85140631928891
12.3796710355325
25.7261428895339
28.5633954440934
7.12743214474414
12.1927831787616
17.5512069836259
30.7281186413608
0.77325836939636
30.1810817527777
12.1412750055713
7.50751571890048
28.4399162046611
1.24543206766248
21.8752824002877
0.763949226977537
11.8060708340482
10.7975793071091
11.5214155519729
31.0333300495184
20.558639667744
17.717300215736
3.01174237392843
5.6918733753264
5.48564406166226
15.9093097317964
30.8808917179704
2.95560046928967
12.5090399936603
5.84137611673437
1.17210322059691
2.7987010544166
8.76303878612816
1.93479587323964
1.08275739756374
6.45209685899317
81.0575454499253
56.157689075917
21.6646329499781
4.02569770812988
14.3381557427347
6.06660614721477
6.95799244567752
31.8428090643231
15.3508596122265
0.835602404549718
32.7708179564651
38.5413968609352
3.17189106848828
56.9378135260195
3.47428838722408
1.78272253833711
14.0756776090711
40.3281555213149
2.37605319723577
7.07187666108349
6.35438598692417
1.7808903940022
15.0072962114128
36.6283429320902
15.2686925139278
2.99919047392905
28.5107083618641
8.66561895236373
8.53256566915661
1.47869189176552
12.2103188186884
4.3673231266439
5.35575584438768
22.9404018913407
5.87216330221321
7.67523772083223
24.616476813234
33.9327636174858
29.5201277994642
21.7146315678436
7.27787487424196
10.769380023703
18.8802827491655
10.8386860229075
18.9039988112519
8.86688590981066
4.90620732307434
19.0084986388683
23.3747402671725
14.0654327428604
12.0277306996286
24.672058522104
15.4157913705382
43.3620006378432
9.65812476351857
9.58378935404911
21.4581195032224
61.9619852822678
68.6564068614166
62.9353360272944
3.7286221049726
11.4880572073162
6.62785489112139
4.62415278889239
20.6327670377949
10.0971183757521
7.42997503697589
9.95126320049167
22.0667102495095
5.31694939332932
9.81460992966731
50.7908888394013
17.5573185717954
52.9606779222474
20.1581282692992
20.8031455986202
6.99891288340191
54.5538123697042
39.8546779243999
6.09522161930431
5.2821054123342
3.8285243176817
58.61253477633
5.65164398885988
10.564720723778
0.153148767646441
8.82391585037112
12.1996382005002
22.5323997437954
8.79779198830499
11.1754514509812
9.55291663404106
4.11307089962065
11.89005211927
1.6627533224313
9.07122328420823
0.87264459580183
14.1532975248992
7.72153481149753
8.78413107497951
16.5513526220961
2.48653581365943
11.8530292905923
3.00902606247968
39.5037652924657
6.96400529704988
1.20109643606925
17.4832791570624
12.3757816352414
4.43160447882079
15.0390237104148
29.1143415961415
1.49140483699739
47.8548451792449
26.1711154598743
32.0416048634797
7.21359809631853
10.1313471156379
3.99788510633421
1.27325300127268
2.77361948974431
18.6587462667376
29.3134178744682
28.8843049202114
0.751574989408255
33.8231143541634
16.8317759622986
35.0858201272786
29.2417383752763
19.5785914547741
5.92409400269389
13.7849233578891
20.7739481702447
12.4920904390721
6.87831000412528
7.3722396332143
36.6090249735862
0.809985212981701
17.9877609480172
0.0900973100215197
39.4914874197654
1.14221236813454
9.6658633660226
10.4720424860716
27.2182269870944
2.48536001890898
10.315217707472
13.064380036667
5.83451116383461
24.9433168210089
19.5565005812979
10.9950320244795
35.2105641181158
12.5580641906708
7.28859333321452
20.8251811563969
2.10423051533261
0.108767643992366
5.75815666830586
8.71683820150793
6.06938498094678
3.42589069459672
6.4781482797116
5.44236883491669
15.7288550098646
4.25021075715137
17.5061251502484
4.85787400975823
26.6430044538083
11.729868848199
18.3402899518359
53.2145134638995
1.65646734146285
8.29744385555387
26.9891364683692
2.14951462112367
3.61875007782979
16.5768916590098
5.3731061052531
12.49568208237
1.33315045217815
8.65440706786245
25.1679727807641
21.2183746043593
15.9351542077344
6.84989162255079
6.89851236529648
19.105166340833
5.60873147693399
6.41779508441687
20.6005363725126
27.6050053071231
0.428851166686484
5.5052734291897
24.1961496465424
3.22769628837705
13.6253224885676
27.3875663921146
29.831251478754
18.9927945461352
3.81987425498664
12.1732814615563
18.6785669109748
21.9043608714648
9.66879387851804
10.243912169956
7.49853439629078
0.214084857353007
12.4430218618306
0.354410149157047
5.78337079504802
10.5194665957242
27.2300082724541
8.97088522945681
43.8737166881267
1.6719289124012
6.70401766570528
22.7122462004656
26.4954369049519
19.8042743426872
4.53664804808795
6.40690210275352
3.75896343030035
4.41402196884155
30.783514957875
7.04654875727887
6.49050653524169
1.81648550012142
7.53671862185001
4.13909777250627
6.79512928831377
25.6493361100087
11.587591143325
1.29405310302747
0.0207158981274408
0.515538267791271
34.0391223419427
1.63749763881881
22.8951836470515
23.5665251966566
2.47545191086829
15.3584368375105
32.0631440263242
2.86255846731365
0.595459714531898
31.2810388530812
14.284994634337
9.63060659792704
10.1813509241942
10.6538401450962
5.54190641558329
5.17527922056615
15.5714189168066
13.681626399359
27.5968011995818
1.59019664069306
14.6554209059104
7.34732891197203
5.43486277651251
43.9548853251776
3.5462249070406
3.26043693348765
12.1547246817499
32.2714541107416
2.73620157757622
23.0122008360922
32.8042742330581
25.4038963115659
0.902371127401274
1.53108259784487
33.5996004287153
3.84137023219099
8.88572889380157
11.1652072519064
0.696544302627444
10.1005216129124
1.70827140978045
0.583134824410081
5.90738738966316
9.91600216366351
5.87231246754527
17.381239691416
28.933398047744
15.5812195881702
21.1478094570339
18.7255152808999
2.31447438816574
37.520034736322
5.25950221344829
1.73944067638746
16.2654172163457
20.2298047952354
4.95502375997603
3.79732926376164
6.36846525594592
11.0863469933272
27.4126833537593
21.848757751286
9.07630543224514
3.39433900080621
15.3317984801638
13.7076954679286
2.47961841523647
29.8360548913479
8.2403258420527
33.1743853166699
65.209394088015
2.42956553534929
24.6633612550795
6.10943164816882
10.0878511936684
27.9326642290587
8.66897869855165
1.96472773281552
7.29716412097631
10.5603446718305
34.91774795433
14.5960273221135
4.51057842896056
1.55047397129238
15.5906275794554
5.47182095550306
6.7105155903846
7.35368812456727
32.8038968217835
0.100812176242471
7.90315931500995
8.93052745639436
11.111912317574
27.1349251270294
28.2032736577094
8.98482372653752
23.2871912306895
2.03436240553856
0.86917727462611
50.7809652481228
2.1973417092941
7.74486921727657
1.1350714453386
29.2583473554497
6.67137908749282
6.8278506838544
0.598162329173458
14.5266065374017
0.337779083624519
8.57796287164092
20.1000385024385
5.91725925914943
12.6171566080302
6.95036074105387
14.2867771416489
4.27228148994455
42.4832334900179
6.65178794206536
22.380956215784
2.08107728658704
33.1469746081075
5.18797502373725
0.368109950459235
31.482713941331
56.0692286545214
17.6862215281249
0.91213457114041
3.20927772705447
0.466106699205517
8.26759466981653
11.4705555911948
12.3282397686536
9.84783202497571
24.85022530891
7.97729124315083
27.7352388351312
1.49829987566065
8.72049459563097
4.1697034612298
29.6444317791611
5.05993225427716
14.1078473792718
16.1517326487228
3.62825207640412
3.42957908287644
4.83534066006541
4.36825728370553
0.960107427090406
11.0718650292141
19.4975539763253
22.0516219269484
7.83657538704574
9.04934364371002
0.265835551545024
2.19898764044046
9.46757150813937
24.5365768205374
8.33261641673744
24.7188866595305
42.341913562268
9.11899842321873
0.529092503711581
38.5948721206373
2.9545095005773
14.4286302383989
1.05113373138011
25.1212402780717
10.9323961377369
27.0354864187539
17.3256732523441
16.7741204445596
5.78664126805961
4.31726570241153
24.2256187933416
2.36263476623134
12.1353662641539
12.3738930166975
6.62012840621173
51.5873670810834
42.56815677013
26.4900017404051
12.2852122876793
0.0645522959530354
0.429646799194174
2.31994779110657
1.71314365022814
8.04599840193987
17.4697302281857
8.37949453853071
8.89928662218153
8.00979747199644
4.18716575714172
16.8321136623032
10.6853526085615
23.2667774469747
37.4762123683468
57.427981770006
14.4900939280091
0.734075082251697
6.45373193271717
13.0130175966769
14.826845144853
11.5603639278561
3.88616346754134
5.75773262684258
16.4231775161945
13.3189749236444
40.3575175441802
10.5420651379973
11.3277141377847
2.74227117188275
21.273709138988
23.2664643583206
17.7415728586167
7.26057632263589
6.32631453363584
23.1346080399443
13.7315450768508
1.71484304379933
21.7378337401897
13.2544548250735
58.8853983208537
7.49465164847697
7.21116783097386
17.6640967310538
21.283800015226
17.5157863128152
1.89254176802933
0.480548478662968
14.2847247164123
22.6697174366564
14.7886477641539
15.2810278814286
35.443363012746
15.7935579773039
3.21429319749214
8.16761865280569
10.0359821226448
5.53496554493904
10.4606356868426
10.8004035428166
37.2893502935767
1.29470368847251
4.66926176480552
6.32390729151666
3.71173839084804
39.4237756263465
1.22802914120257
7.53896543756127
19.2292773462021
3.59598699950761
11.1936603207141
12.0909250242505
14.376601902768
14.276167632307
15.4810142703354
5.62985043635717
20.7759256145068
43.553802620632
30.3622515515051
25.8323980960995
6.66256448581809
0.521577894687653
9.99300857074559
1.57187110744417
49.6043445523595
4.1877101175487
4.35676192864776
17.9346255014701
2.26563417197871
10.3403278626502
17.5669686419369
11.2894375342876
24.1893201985415
23.3596691396087
4.04933467507362
5.7230326401165
35.1664345143935
12.2907105833292
0.372010244298908
13.481915781028
19.3425912311157
8.06001874805863
0.731509644538164
10.9268585219979
44.7698074830662
6.61154475299489
19.2892097402364
43.7617148272693
15.1954600717633
18.6333735473454
39.438596417383
4.14437963627279
40.192622832041
37.2111075557768
3.54891395897154
9.81329474598169
14.9885984137654
11.131486630731
14.1592745203525
8.70673917233944
2.51303077675402
7.14860758923378
5.66506758332253
0.616348503252616
5.45746297575533
22.2434011859306
20.2836219484025
4.57419431768358
7.57210437508378
5.46897994354367
17.5527045487945
4.14136331528425
2.67302383766037
12.595885200426
12.7824862177597
4.65411246997858
17.3491618221683
9.46153653785586
9.639373080243
1.68243271958904
3.68799082934856
20.9727382753044
0.0746579262108853
41.5462822049245
19.5859035011381
42.404979078932
8.57373630632596
6.22339470788204
15.7026745043281
32.7041441341862
11.4746305852758
9.84766171313822
3.19501850754023
2.73211205876388
8.72675999989665
86.7984001524746
34.053559647873
2.58177423010379
9.6965569537133
4.94909322220443
30.4333854001015
0.139000468890282
7.10048479959369
11.4136823916264
23.1937325728763
18.7725719297305
24.8968822415918
13.699340634048
27.5116718839854
13.4548125788569
11.8315266361819
1.28618557937443
4.16679424233735
15.74958260847
45.5526600126177
7.78636344852037
1.34667847305536
3.55237286236323
2.14393992052496
31.7503914262849
21.30864886567
64.5339337643236
4.83166722445192
18.7150598503649
15.9974279813468
8.4069964247576
3.02233616821468
12.8195819782336
10.8733866363764
45.5552900277759
19.0648878924549
2.87387464740449
5.01578440889716
11.3133306149393
2.71300154691844
18.7025355420014
1.09151937067509
11.9179504017383
11.1220648977906
4.89097321406007
9.14357177813006
0.488177835463449
7.70644866861403
14.4106307365008
26.6770875429155
7.66140758059919
6.38125029542437
29.1280564852059
4.63821459561586
1.41207710839808
16.9784382269906
7.25001562386751
24.9713825724766
22.5352849426549
6.01109598902373
16.3892546025972
1.14441383630037
35.1239240262657
17.0131793671223
14.5686801988631
25.737001336633
6.06716992490161
8.24241951777023
41.006951360032
5.70653819377808
18.1948533281684
10.2829477889983
0.774927503110513
0.495316926389933
8.43181919068208
46.9958258327097
9.44945374471964
1.96763994145675
15.6647921539843
43.5908585786819
25.6368104601279
47.966162674129
24.9930623479168
39.2957448773538
7.36709218472242
11.9784730486572
18.8542087562382
5.07168074463792
0.742736663729931
34.1845280490816
21.8800944276154
1.71981978162
26.5180377755314
38.7052306905389
37.8891606513946
15.0680423499102
12.9248903153695
20.1774754095823
11.9692908890461
5.26433577761054
12.1826829854399
17.0105245689983
2.79019686300805
6.96551084281033
7.7172399291221
5.02865889376194
0.481134551139548
23.55020144023
2.8138701578299
21.2550069334802
17.3444242682308
5.51936449483037
25.029199072655
15.8113062613891
5.15745021402836
11.4441965706646
5.31160723747508
23.7368710804731
45.2055677305907
9.29278088733554
9.05008637346327
30.63742024736
35.8980111814623
6.64353603497148
3.6747889122735
31.7311915569007
62.716826695742
3.18202973445467
19.6283766179852
12.1155799488346
14.7395255260993
1.58230486997784
3.36202559992671
2.27062261027743
1.28394631077716
0.31781120916303
3.59161989763379
20.9320758003742
1.98892674222028
13.555337087748
21.1862932535856
3.06607436575415
20.117899402976
12.9647087305784
18.3558592107147
6.79666409268975
19.6533627871377
30.6961913593113
4.98883974615474
9.84799000434577
6.79640262309788
5.24772913195193
9.57172374038661
80.2963844034821
41.535246418789
29.1024171747267
9.30234673433006
10.4934081900865
19.2039031535387
1.26524087755124
14.1483847983181
12.1582899214508
22.0053708160819
4.39004478423683
17.8596956400106
25.0917312223464
19.2592374514788
0.905999082527614
19.3540907837192
19.3907865323126
5.44137670658529
4.53285872936249
2.11587289446136
16.3222879251155
19.9399510688805
22.7395037654787
1.44807156175375
2.57709308061749
1.07854139059782
42.1770208049566
18.3903312826149
2.54604150541127
1.56621187107612
25.601384726689
11.2255814019591
2.11029943225993
28.7309777922928
37.1353304944932
43.4677116572857
0.66997017711401
8.58728191815317
33.3067819564288
8.90192785684692
20.5852578518527
0.985893981329681
3.40821221470833
6.25514334988512
41.2836169626902
20.6797362265016
38.4392658491347
11.3218489705614
7.86865218443938
4.59739984938484
42.5163184073078
3.94246316950929
4.75320033729076
2.93301767669618
13.9680178835988
10.8010065741837
18.3435862589291
19.9010461724206
8.53307512776361
2.66385730355978
39.9995828047395
23.7174512156267
24.9553960748017
2.55431482196949
30.5758296571189
12.3635469698442
8.68991115985619
8.55260968107234
12.7302649668797
32.871603150852
6.62650563754141
2.74716643616557
21.3738984894007
9.40834270294935
13.5143869556487
5.86255569942296
32.4466954690931
16.1446712445468
15.9364973660558
7.10220268634108
36.3884540274739
25.8507370017469
22.3100624405886
4.48570950666747
12.924102752157
13.8047397574148
14.7717470288017
29.5089350547642
5.29887296166501
16.0234502982348
14.8947979323566
2.24850489757955
1.62471305095312
8.71293828822672
2.9659119900316
21.7936573317274
25.4062148742378
1.47291589025432
28.4849364763739
23.0960719102755
2.95199221000075
15.8913573250175
1.5992543194443
0.122615764966718
6.71539339236915
16.2632840219885
15.9922170357402
1.99858125047409
12.9336902852606
39.9920244235545
29.3889820632241
4.23856071219218
0.108966955584048
8.67469973145613
13.7781694645732
29.4128909007732
16.1814504811707
9.43427943507755
0.355538795451838
1.44707962085148
6.61318656057119
0.986572122201324
39.901010459289
27.4386837634099
3.67174157872796
1.11733473100263
17.8944272920489
10.9237636057215
3.23271611705422
11.6250704905203
0.529246171936393
1.68054131790996
4.01447678767991
12.9488727543503
27.2292214018178
16.930919761359
1.75821594893932
3.29669238999486
17.0594329707298
7.67495948821306
4.87277051433921
9.54046490460277
4.37211844146343
7.42160233626617
5.21192327141762
29.9949174637803
21.4231553105274
1.3127492275089
4.63201547972858
18.2072608731687
1.41613911876366
10.7768826631293
21.653993986547
18.4262949209708
1.71844356332196
3.46507062204182
9.6681919225413
12.4039605725557
6.74337963573635
1.47746643051505
1.47114042192698
4.05940576456487
2.55370046943426
44.415044146884
18.410985450634
5.63517657466041
20.0754042755966
2.09208461456001
1.78641406819224
8.32631719046114
20.0404727365822
10.6006444141694
44.4738753139973
5.71675016544759
39.0986411366612
1.8691795412451
4.24053287133574
12.1454522013664
7.70266051404178
6.42607119566738
1.00555280178463
3.31934308633208
16.4096662774682
9.50146680778317
1.06087064470135
6.7321335110049
1.23956155594024
24.742208304815
3.91247449442744
6.37562115508599
4.03404817916453
0.427626073360443
11.1991835794292
18.278650219587
3.05195632685503
1.30055211338947
20.5306964926422
40.4468353372067
37.0192413647275
1.0140729136765
7.56140005152318
4.94424680350141
47.8565494995564
12.4919402878731
10.9163946472108
2.52001144110297
0.7258215919137
1.12268628758579
14.4879192529501
18.8023899681866
7.06248916685581
59.7748180666108
25.6848107092083
32.5496157165617
41.7104223743081
2.74421530775726
1.454574521631
74.2914213333279
0.976282171905041
14.4545885268599
5.48252729638746
1.40142072430093
5.59969951480563
5.86372443328276
22.3989648515545
2.17548360242971
0.038825413902106
15.7094106543809
10.1990102557465
1.51927560509385
6.49084104225039
12.0515312300995
3.8958212826401
17.439585940825
14.1575932502747
7.0879188234254
22.3301153164357
15.3640052303672
33.4186758471178
14.7459837865205
1.66405974132578
4.91069280542433
57.3158194310963
24.4556712124023
14.0215805615073
37.3182108160108
3.47661203704774
9.15242009796202
29.1988863329075
19.3752353631547
10.5232687201351
4.72442212048918
20.5369875766337
17.8355617901647
2.25708237849176
16.8382148564113
10.5378947503644
4.20283549465239
2.2070249542594
3.77097749151289
15.3865339234471
22.8316783057002
9.85719442474292
20.2109369648704
5.88557245352814
3.3096841070801
19.3418992890515
8.55195405083654
6.60594708290783
24.4000538775939
7.68614117987454
1.1208735204169
15.1403527706861
9.8420144058764
22.6529712558709
24.6996551286429
14.8966137236672
8.15373030491173
45.4449048935587
9.76272920304522
28.799525462091
68.1086804252118
15.5280744029888
56.5288867801428
11.0598863102496
33.1013347022235
5.52311539649963
9.81428427621722
1.56208174303174
1.58669077791274
3.00083855209502
0.909114023670554
0.271311895516374
1.0914218032953
8.07204167358577
5.31199807378857
8.48551746457815
0.820197056167191
12.0562838856131
8.52278666570783
5.0724780716976
1.82783859501689
23.550688336567
5.98606071434915
4.32169414125383
53.5598892597982
6.48361979983747
18.3380261110648
10.1477568343766
4.93709498715693
4.58973926397739
6.23198838624108
12.0023798409835
2.91227117826619
12.9813285799261
30.8075349312276
6.14496530033648
22.2667027264833
0.372708238334558
2.12021659607281
17.8362910527193
8.55927122756839
3.01793916150928
19.4198754616082
8.67214170284569
7.55426823161542
15.32360794954
13.441126793623
13.2617587223649
30.0959870001425
8.38949577882886
10.9492109350952
18.6193210538477
39.3661789309871
17.4030429270729
25.7016269182133
10.5292850639671
32.715859124437
13.2972015443797
6.46798513231105
17.0427623670548
3.44652323690464
6.01060455664992
7.32221524231136
10.5267575091158
14.5900087482268
30.4198505841776
6.03363150730729
3.47176463786461
66.2424166796813
4.49219883387522
7.2486188375292
17.951664631255
6.96320785209537
12.2425049191758
11.7676759170456
35.0908865220845
10.5715123936534
12.2998983865529
22.2525163553655
11.3122572656721
18.9568954621409
12.0518612675369
11.4549661520869
5.56127151369261
12.6381812151521
7.14615685865283
4.70125582069159
17.5170088110395
36.7826823098208
25.7405173033476
13.3544486016035
1.27000619983741
27.9907411895692
21.0854376200587
3.46819760591711
17.1876070089638
10.3710347320884
10.1797410752624
38.4815416936685
18.5754604171962
32.5295496608739
22.9347501569758
7.42708505924296
7.14634195901453
33.7754359934479
4.38209491459611
4.40541800200584
5.33682992681861
2.34812698037358
8.00776804425117
1.29354917554162
7.74542917497456
6.82623843867148
16.0540810943959
36.8621876230501
27.8204659242079
49.3267550679417
2.32902239076793
1.43469607695771
9.42031620070338
43.8113277778029
4.20616289538947
8.83384882702061
4.89763492318657
11.5091752380691
21.6661722223905
36.7703242227435
33.9753492735326
10.876040905714
0.0113353598862886
44.3342168410204
7.94529099948704
12.568433303386
3.88109590858221
26.9997500123587
21.0410914909801
77.7918304083869
23.0546586681157
23.7681961152703
35.8290098311935
12.1693932716595
27.4234660901129
5.96835976466537
37.2120212654027
20.9962899973921
11.6410904623004
8.47477285601354
28.3719326137823
7.77061307189325
7.44104501791298
22.8978949598968
7.21363360121745
27.3320195265114
35.3159073274583
31.298634354751
1.67476944625378
8.90774501176368
51.5728502068669
8.03739123389598
1.08043546788394
52.3883176890116
2.48031690716743
9.69670098459649
6.15919700905166
47.5823425222188
50.3742892656779
6.72310008667409
2.04982853742221
7.2610133793205
0.0668997023313924
11.8769030086696
16.7300214525312
17.81446643343
99.6050355024636
9.09469206817448
1.94499830602748
38.0229076836258
0.540486234731663
7.10793188594006
7.88232265040278
0.345161278347234
4.03215060941875
18.4074672870338
1.16970972158015
18.1878905277699
17.284156056121
67.093657524915
29.4824942204646
12.0763201266527
10.6541543314944
0.974190188571811
3.19434025122679
19.7025516536087
0.774086220189929
17.3856019524064
34.735637679246
12.2328784517228
5.75391342863441
7.48385558836162
54.8990548122674
8.77618483652163
4.08816384151578
2.87272501736879
34.9267688579857
45.4110209830105
17.0847591799824
33.531540675753
9.41121368668973
6.87877277820557
2.95561389066279
2.05787685246449
2.86698108538985
10.5559534858912
24.7823784593493
3.67918921999085
7.84667384507636
18.0354609619826
3.86472092941403
34.4878970645368
6.32798299193382
8.09916178695858
16.3157134668433
19.376564421691
3.56644974785678
43.78178040497
4.62105135710962
2.09989724680781
16.2577020931856
6.94751954221049
21.5993076562881
9.40034980885684
16.6887642467595
9.57765500061214
2.85277841612697
4.98318183235824
12.4099664390087
14.220472953304
2.7859746478498
2.45578587055206
39.7740343160418
0.345173382290049
14.3144023737997
6.15456141531467
0.870665656127563
32.4129944201559
38.980151917444
35.7135240954742
25.1736748032272
0.581631571006596
14.6170740481466
13.2659483571025
16.8422108981758
9.17553785257041
32.1316942709475
26.9256016621403
9.85190272331238
8.29839581517608
8.81757354363799
16.4909253362566
1.55433779582381
1.50800799019635
3.40102822519839
11.1565099186415
9.44684026762843
47.5133319460453
25.2960063517094
6.39565871097147
2.9355613514781
24.1875308323288
14.1292495709568
3.72678664367614
14.3511511851102
7.81706068664789
6.78861979395151
9.88899497315288
56.8322594746646
4.3736060615629
27.6896816117003
22.9296576247689
4.53999731689692
36.7643649224192
3.58112389221787
6.19363388977945
33.1559439655393
0.858692219480872
0.381338349561473
15.4228007638222
1.28498882986605
17.7924683242937
30.2355916937813
1.74553541505945
6.49412400028426
5.2855268586427
10.1879169233143
4.65928926132619
26.8386898096651
1.92054896615446
29.5483111403883
4.06450682144563
11.2548761535436
15.7128564217168
12.2401176486164
6.14151153474027
6.9996400270611
14.5155098289251
2.61803481852345
8.84300447069108
3.56069765985012
24.7552036307752
25.4576792940497
26.4663218986243
17.1003632602874
7.20302690751851
21.5165456756949
18.3807772370864
0.683418871177696
19.1076585426586
6.17751874729034
7.18331895768642
26.5595679413386
15.705912389724
28.5437987572115
4.65375822791887
12.7826421521604
18.0953888595413
0.044989145048136
19.2757460368735
14.4946369412123
21.8291583005339
3.87124251574278
1.87258808199729
4.02676471042544
16.7397343534172
4.88994690217541
29.474226757884
2.24490455604941
5.29183088773539
5.38901384805976
52.0097790285945
18.9458345994353
24.7924075413534
32.8841106966138
3.85260793616496
24.7268017847091
6.96736718417335
18.4774026274681
9.28772962652147
14.3314641900361
6.37378458349624
2.60781496763229
12.9378935811354
4.64895623736084
36.1943427337063
8.87966709215155
22.3143803204553
19.9234439060092
31.9880491588265
0.366663125828113
4.91585931740701
9.17588244192302
30.6729581497006
20.6947315591759
2.30073928833008
11.5967919118702
12.954615522176
6.68145716190338
26.62920858711
45.8004942629486
4.43506287410855
10.8227553960029
10.8253338839859
33.8083715178072
8.7941566016525
14.7880526536322
12.8889747429639
31.9249529563931
24.1356261540204
35.5027290061116
0.361735610708229
4.72203334161878
16.9104850781696
19.064387306571
11.7911165580153
43.4511469211429
51.3994351231615
10.104756367133
36.1208290335561
35.909628495574
8.01678514108062
3.00646809589816
4.01947414502501
49.2217147257179
5.27007505297661
10.1734196139325
58.0212054774165
7.58122885599732
5.41417277418077
19.1318290308118
31.5978936851025
37.8515955526382
40.9503711853176
1.72767725783057
8.19039959580577
23.9310111653263
1.12018664367497
43.2394014205784
23.8051696214825
6.11274968832731
7.45480345140702
28.9506034459919
7.56070165402277
4.30363463237882
45.5242756288499
34.270650241524
6.69946195557714
41.1971718135015
15.879291687391
35.2117620453362
5.20415678488629
6.65203780779153
12.5587111455216
23.6288338121675
0.565346522878874
3.58816301087216
22.675805263298
2.64449686176981
17.7334749174089
1.31552469065131
13.898266479373
0.62020611949265
40.0225212797523
23.4587100716529
56.0506882383825
4.01913071982563
20.1705854851753
9.98520411009265
0.331693624642025
11.2249732483178
0.488362622323755
21.9050887972116
45.369523958497
2.45807314493134
41.6522878098595
10.8116306364536
17.979079248781
33.7592582218349
17.420994117856
21.102475002408
9.24511982369819
23.6150070748255
24.1022512928332
20.8755221010284
6.679625800145
3.11337527818978
39.0830670949072
43.7466692662308
7.18548830299032
23.3106303494424
6.08244267994526
5.4686248768121
29.1777832899243
36.4916587399658
8.91908188350499
0.42019528336823
25.1882521436065
9.59727516366855
16.1725818179548
23.7288874242628
30.7243154384196
13.6674451641738
13.0114907984909
0.146374997782547
11.832404172036
14.4973571877927
8.27427837066352
0.423152232542634
11.3340576644987
49.1867540404201
5.40566863492131
26.0150257963687
27.0962354261428
24.3463918540542
13.7652365956455
5.05121424794197
10.6149958446622
5.82198237262706
16.6708629188013
12.2346246472062
22.824244806543
32.7536917757243
4.73751337267458
7.2027905844152
14.9281334597617
23.5851305093111
2.98502757506088
20.1974370339844
10.9764811182568
4.25783917307854
8.3743198774755
15.4857703159217
5.11072806415829
4.8450066242367
26.6993344994262
17.6818948239088
15.2168166719304
21.759441588074
8.58665968606926
0.952450791373849
5.26989577338099
2.35910202878848
7.27871125669046
12.5721038784832
36.5619000513107
0.417865628187819
38.5946803726256
9.28680015424553
5.24288940189348
10.7358209788799
5.05924690514803
10.6628511566669
5.26314717717469
5.63502195291221
0.887819333001971
53.2304933669671
94.4969110303823
51.8421642672146
9.91972396150231
11.0280851367861
0.252200173276648
7.66337034292519
4.52778418548405
1.13643878741191
25.2424971737251
3.70304682292044
27.5068392511457
39.0589307116791
14.9514805525541
51.1500822006997
17.7092326339334
4.48568771957041
8.43099202029407
1.84740289114416
3.81914941050692
33.7636781603494
0.711462899749946
12.5723402015865
32.6942489482462
18.4853411817393
33.4677218303327
12.3899790924042
21.0111762862653
31.4197933766991
4.26416418242822
5.94197117853822
33.1675924826413
6.34625903330743
12.4123285058886
0.739168945892332
25.0991224311292
6.79681940219547
8.25828254175848
3.07443092787345
1.64905679412186
3.40428203344345
2.17387095378202
8.72151455454549
7.45857367292047
3.23168351314962
32.3069933801889
18.6059030238539
0.899461339548609
2.78368010019659
10.0161123555154
26.6291865926909
3.77904390916228
7.17264250852168
6.75487914122641
30.8864950202405
1.21013283630998
14.0975057705309
20.0017263652889
15.4539966024458
6.98342992321804
72.5567987026791
2.2912453080452
34.1367966029793
13.9469516847592
30.1394169218838
3.11782932840288
20.7799074082281
2.97613642213393
27.5142664308518
10.5391789786971
18.0088286288083
3.27246845699847
20.637283018859
7.72578525356948
17.4164298878261
11.460977839306
9.38000333817241
35.6807839125395
5.50812027653973
22.2939813975245
9.122610976893
3.50286718457937
3.50615234286607
24.4783796370029
4.43107215687633
8.57767532579601
0.323870442936093
40.2287018613184
11.7735017556697
13.1516007240862
20.8193727303296
39.7771039279178
18.9489871493705
9.38547076657414
3.21667524985969
13.1226656958461
2.54888297589899
2.3302249610424
45.7074772566557
11.0174989596674
6.63065687869938
39.57906791879
10.5621829254813
2.17787211381182
2.96933118201872
16.673980280757
22.2649477655068
42.582057744988
9.16263554245234
9.11987153813243
8.15762615331104
21.4279859941048
0.296303769573569
11.7613899055868
35.6685171979766
10.1762196593703
6.32606761320242
45.4545160755515
36.2839098932116
29.0859979577363
25.1771065909838
19.4717478007078
6.50273403152823
28.3871009014547
36.5604886177114
11.2086057197303
0.880059087648988
0.310197425667793
24.8676550108939
10.5073661857971
1.931186998263
38.2932845968753
3.83893984116674
4.42339805886149
32.5793650513871
5.07528660818934
43.5141388069576
7.01630342497338
0.714111242437813
18.3326430842303
3.01957363262773
22.5422903895378
25.2949915702479
5.2741274703294
1.61031662136925
6.9311453283707
22.7784337874947
21.6566851520123
24.0237114485353
32.9472280814129
13.3904302492738
42.325958488266
23.0970486984606
4.10891013566153
26.0558871086687
5.16123499327091
24.9127433635294
15.976281138137
41.1689692232784
9.37830889597535
7.54963723011315
8.40143184177577
13.8236174825579
6.25091423226565
4.06700588217211
22.9235983909958
6.60319262898795
1.28012953414291
50.1704739872366
1.95467146113515
4.14670328609645
12.1234333903976
11.4658592613827
25.8240860421211
0.533090205863118
14.5002176657794
0.596425961703062
23.4669912606478
58.5981574840844
15.4898129403591
9.50022090860277
8.68742702732584
0.920913560863947
22.0305612310767
9.46802657563239
2.24678544327617
47.0007571857423
7.45771918445826
13.3516080677509
1.37852388434112
32.6834525913
28.8356102937437
8.18675308130045
4.85816737636924
2.76762906162996
22.136460756883
22.7090908447281
2.03791772946715
25.9447727774139
4.83372086008282
5.41955976161182
5.91906020417809
13.4342770828977
0.751351443295947
22.0918608829379
12.2210464441567
32.1509188506752
15.7795685129345
8.20824992842972
4.13672649301589
22.9959143325686
9.5515267457813
20.2562966116081
26.769765819189
17.3687178175896
10.0715318694711
2.14334238921467
14.7001794539392
1.01060418058599
5.43425959669557
10.6935552321374
1.54769164510071
9.67436194773759
25.5161604618656
8.00541745855654
6.87562627717853
28.2289418391883
25.4468141492266
0.280083622783422
5.45630249042027
25.8011487312615
5.79415156971663
10.110928571039
17.8874167613685
11.6610894035484
5.01168775372207
5.60085100323207
6.37599313631654
13.713221724753
3.67443184596047
44.8552743764594
17.3238571733236
11.6166088264436
22.0661389175802
2.75359938151338
21.6751697007567
16.7722310190862
2.45268107391894
13.824311317876
20.0681467514849
22.9921727441251
22.5634923744552
0.198930501937866
11.5459249354899
11.3168690050227
9.75711297357918
29.534206725657
19.0139062431927
29.5833289806827
13.6595419487639
9.34899668209255
0.133470166474581
10.9383754897863
5.89998019859195
17.9639602138111
0.360546400770545
35.0175740526469
26.6667423029918
2.72371878135137
1.49114290252328
6.61570165042223
4.24731522798538
0.668931752443314
9.76493931375444
0.0505382195115089
24.8597783502191
28.5414719759378
16.8121850583702
12.8364737611264
1.87508878298104
20.0579770187319
24.5787634048611
5.09208999574184
21.1119552749298
5.32633042894304
1.86059740372002
28.0871617793995
5.82237776809235
15.4251395724714
8.83306771924429
12.7013502613544
7.1150574770751
15.0918341826786
8.22385190986097
4.66493191197515
3.08239451531603
55.0677964929491
5.22227259352803
6.2962993979454
6.41375780105591
11.3773604765632
14.1077116131783
20.6637797600748
24.251049903432
7.74921491485582
9.03402920812368
9.9905169340588
9.82841568684181
25.1149381585128
11.1400146653735
34.9043903406709
6.54915696941316
12.7790891565382
18.1009477970113
7.64478230848908
35.0193908141169
31.6787825431675
1.60004128701985
7.48880302330888
3.02695563297117
43.9513255555958
1.58734696908971
3.1614510143458
23.3476632274687
4.2592798380377
6.12427131272852
2.545672203335
0.178316840901971
14.436749431236
12.066745784619
3.92494916772111
20.2896515838802
47.5167877024119
30.6439683997298
6.72205584123731
9.01622232049704
17.5434575399488
8.75281575412919
13.2492382545024
1.9579624357116
56.5878220844192
3.17647805935031
8.88403459818387
11.9396511573461
21.0361182689667
2.53370503507406
8.28143254278597
11.1860386095941
37.0559433435951
27.9458980345888
8.84910100536147
0.97721116617322
9.04612243175507
37.6121844737592
1.02013280783452
12.0242545381188
8.79784443872386
2.11182748898864
47.3792051197961
11.0621625086538
0.857640199799853
49.2894467622319
12.2139439918101
14.2383668571711
1.15127768367529
8.85757617652416
38.0663073156029
26.1961226351559
1.38723813104013
12.5953019596636
34.7293129656605
34.2096297774446
5.51843727393026
33.2828864920884
15.9171253849118
18.9892565636504
14.0217952047599
22.4990537390113
10.7548926232882
7.81167298555374
8.26249511732277
6.4302539148394
5.94153068959713
1.08388252556324
18.5164285358042
9.93559951893985
5.41049511883786
3.40425005523823
6.78560630957189
27.46815484684
7.65629617358508
0.5916110239923
25.3934855572879
8.07520717896734
10.5456123128533
0.0362517312169075
24.895342066884
2.13110005798707
14.8645753506571
0.0281876418739557
2.97003522802577
5.44523936696351
7.69320875406265
26.6388766058437
7.4296583171389
40.4068501666188
29.0837128789128
4.00841003283858
30.6847237516195
10.1377861574292
11.6375705692917
19.8988383635879
20.1536296372197
0.230786281113556
23.9539969479665
19.3579471670091
14.8305314409405
8.85891528566043
5.38465566933155
6.85335691908316
34.9875360608818
10.2303371946245
0.256787752732635
7.02351448126137
4.22613578848541
68.8318888423964
1.92816858047309
22.8901317960425
0.164560042321682
4.15296889097197
1.20979850180447
32.8369058876984
27.7107695043369
12.7006263937801
11.763556394726
6.36149081401527
18.5643702451653
2.05019838176668
4.88281133584678
3.70635651051998
20.2639074996114
11.9584050063433
35.492037422955
23.6769707407802
12.3379588312691
2.7335190679878
13.6489339638501
25.8983699725379
22.0382086918988
39.395564479888
42.9433104582131
23.9207623534803
7.96565358562153
13.3530479261327
0.373524380847812
2.17150665028554
4.78776171803474
2.81251491969941
16.4804791953386
29.2754288430146
30.3561265529761
32.6172108528507
1.97020475752652
5.91972776282756
8.16209856018109
4.75297061598851
3.21041993579142
15.7461265293317
32.2005838614776
7.54731348287538
0.652656890451908
5.62282395549119
4.24037803895772
43.7524311710149
5.3356948774308
6.94312137285637
1.49496598169208
17.9759499760987
16.0054326988757
6.99472497217357
8.71194759814472
7.95779400505126
6.16530072875321
12.7373391296715
15.6074832193553
9.75118076894432
13.5542184580117
0.583277303764641
8.16253268826338
16.8135273270309
34.0166913151184
11.5397594807734
0.532498816028237
34.2039577662945
34.5838372595608
27.0323234144598
27.9026575058126
9.50885470956564
43.2316462170379
9.29846661165357
3.49851208738983
36.3755761645734
5.6465296074748
0.478357099728324
3.14783448214397
1.25815276987851
33.5131209576502
15.2072880446819
34.2412997438193
1.9994517788291
6.45169701785115
6.58156812821988
33.6602523897859
0.651488080620766
31.7709979135543
9.63077298365533
2.14451203355533
15.9830612099304
12.5063979066908
4.16459515690804
10.6457446236163
9.67532163485885
13.2891966495663
38.5711181443185
15.1174352321261
37.0997365098447
1.2781866826117
8.27834684429773
9.97416907921433
33.9708523824811
11.8421670049429
6.02142536081374
5.54141588509083
0.524166892099299
24.1376913618296
35.4862038511783
42.3130963463336
9.59482129099524
72.9265541303903
6.39364472590387
13.8441815444315
23.2584693003446
0.508692808140165
5.87156973779202
2.71354218969749
6.02472340688109
33.7484979536384
3.34860540586551
1.63062592037022
1.50989391840994
1.5160150360316
35.3388080839068
2.65112845227122
31.2100149339681
1.38846990895391
22.0333340306626
33.151765819639
66.8945396319032
0.482369214296341
4.67901001684368
34.1094727627933
6.04166882112622
10.4959344025701
72.3343901336193
16.9168610591441
24.7532385401428
4.6778483018383
6.50170631352818
61.5797984646633
40.142175857909
19.5088675316743
33.1180853208621
24.5151139579909
14.0899303161879
4.36659716069698
44.4608286488801
5.73631725274026
0.616940669715405
0.061144819483161
0.578510807827115
0.462798288169486
12.6475363504142
12.0951618077004
14.9792735664729
10.2518033236265
0.554127618670464
1.94346715726141
14.9041903205216
25.3574328962713
1.84145875840156
0.676313453280679
21.95892308373
36.4815152324223
1.65659934282303
6.66605929757347
38.8625217601657
7.6892035663803
5.55193633772433
35.958377760835
51.8058689776808
7.75234015289059
10.4521052314116
17.7146296482533
10.9811092625244
4.02965117245913
8.51137912832201
14.8912577424198
5.77384741284138
16.8461527209729
12.2047588229179
1.91379687748849
16.3798639550805
6.96519694722667
3.29098498956067
14.0125134979448
33.1357188988477
6.41790587584455
15.1433958671987
3.45478882081807
54.3651270530406
32.0371543057263
23.7897876650095
3.98250762373209
47.9645805899054
2.00564390979707
6.12559961155057
38.4392250991939
45.4268010262907
30.9050111100078
27.2376684207364
26.927224397407
4.34685847721994
6.77077099680901
0.739578390493989
5.55128324776888
37.3513926751912
7.57133006118238
2.08210934944438
14.2658268304956
18.5555685311556
15.6329183521853
8.99040838703513
1.32436662087748
12.7135821024982
13.6446452228771
3.46814757628681
15.0022980899599
12.8242073114961
4.47363905142785
19.501990173012
12.1433342897089
2.0248355093688
8.74920716531136
35.0739636924118
18.4455518905243
0.372929740488068
1.97472797002259
10.0948634112057
4.8870244063437
1.73216918483377
4.38827962590968
27.5928246509024
32.4662530329078
11.4573177415878
20.56430792436
16.6026846366439
6.08994741924107
3.96312137217598
5.79054933041334
3.71008180081844
0.992283457890153
2.34805163927376
5.97054576327052
32.5908686500043
6.14786045621136
41.9497489929199
22.6671365089715
1.30107044242322
11.2398411147296
28.2225117553025
6.77806313240974
19.8285253990461
14.3604158656672
11.4549186546355
5.30842109583318
11.3215027977969
2.60575698239693
48.0723957298324
12.6360232646594
16.9102323707193
5.73403189641702
0.91206980869174
2.6178325060755
21.964346524328
17.7548475330696
9.38271946294005
38.7836748268455
37.8084785524983
27.3729274802097
5.90830930664089
20.9860064875767
4.85490154961435
9.75950853899121
3.66829191923531
3.69085464626551
0.361467245966196
29.4099468737841
33.5836380629514
26.4472147060197
6.04725248353518
2.03659292310476
4.92274295538664
2.42106732912362
60.20140740985
32.8780205606515
1.81143870577216
34.3193104621899
2.26281637409144
18.2753369669739
9.29411384277046
7.08179897628725
0.197287881746888
4.73923748359084
28.3736104623352
2.60350177995861
0.172545336007074
0.601758947595954
7.24742072634399
5.57349296286702
13.1416600197554
2.07622320205357
19.3159419802205
0.0849051241978508
34.6790565881642
17.5842014141381
12.901298923894
12.6468583108024
0.543190399184823
0.725482089782747
22.2354545257986
3.5964057315141
3.25346947647631
4.94072495960708
13.1517194677144
13.5666108690202
2.27439566515386
7.61536386670369
29.6842824900523
0.708233971271732
2.6084459386766
2.27869441732764
1.06607856782978
33.5476163309067
43.122919742018
14.7091263206676
8.38841001363603
27.430085465312
12.6353034283966
0.785546292141891
42.6028628088275
2.665591891855
16.7836097534746
14.3122623967101
5.07764285430312
9.18443158239399
2.6860981132241
62.1790764853358
14.5320908632129
3.63097344621364
0.368389301002026
4.34016110375524
1.4311692211777
1.6453315038234
28.9245264139026
19.5047818124294
18.7262601684779
10.0542639847845
2.65820054235991
4.60706726851098
1.78791931830347
6.33882920357676
32.8140915693516
20.4892890760675
3.13290627673268
12.8437898638631
26.4812594659748
4.50248839566204
20.0293329544365
20.7131705246866
26.4347718528062
25.1498604543219
0.57690660469234
5.39724049452619
17.1032350044698
10.7696070335805
10.9397920502615
12.1614965610206
39.4460535608232
14.4585821198205
6.54877163469791
2.64468608674248
1.35097885504365
25.5089870188385
25.1634967280552
2.69458297713723
32.3011912405491
10.2990218250563
7.24630698445158
46.7697359023755
9.46247484534979
26.6822627853984
3.71717772694027
32.9046708066016
13.4199496457879
6.51242211461067
11.9873919320608
13.4144746698439
41.0137220751494
6.83441525325179
32.2231254376463
10.7144948560745
4.2149645742029
2.15524217886061
16.5460223797709
24.7209015625444
8.09860648587346
1.71592150510413
6.37441640719771
27.5403959676623
3.49037698470056
20.7558774854988
3.12135065180054
2.29227293279017
52.6052742874904
6.04970030423708
10.6626213528216
3.82411642931402
56.8258168641478
20.8165952658291
11.7488015675917
14.0288501895618
34.7593752667308
12.017423287034
25.1890579238534
8.21315783255082
18.1764675239506
18.7234261403701
0.332771682482058
8.46830370204382
35.1224942163367
7.58027308620512
6.62731123156846
9.8847527988255
18.0534133687615
3.12395859509706
6.50466652587056
15.2400941678222
1.98522466234863
0.0549445394426584
12.7214461099356
14.5498849847254
20.8440620917827
1.68553786352277
0.506920387447326
1.87865820931889
0.972438431567286
1.1906632408277
1.44215492998492
3.07758571580052
25.5070760493184
8.93286271042809
6.01911243034993
16.6143722038258
2.51514720730484
1.20006114549383
2.41735427090825
53.5144764767515
33.7329894202721
40.628925589389
24.9223369927265
0.568059419928419
2.76738544926047
18.106804927811
30.2668788935989
17.8686936851591
2.96715181320906
2.29555027703964
48.7494624685496
4.63491359935059
27.0397891290486
0.771537888795137
10.6263222026143
13.0467000417411
9.70794586464763
32.9194311052561
16.018713776956
22.2632428631186
7.81175493837124
6.09652488492429
5.06219327079496
5.05290551200844
34.222302492708
2.61774714814922
5.97436213865876
3.60033358447254
46.5365284292343
7.19908974133432
5.8437034022063
9.6269459621551
26.4024187345058
23.3292852062732
12.2496577441822
9.6806055649062
28.0386112509105
0.435084803029895
21.2554538513954
19.6860470639203
3.45734530128539
19.4581435061991
36.8472764531248
16.9052501229022
0.794941372554699
0.534392787146911
28.1025689328089
33.3606394586449
19.4050453137606
14.2326630884781
18.0363966630508
17.8989273429265
9.38731734735061
4.37158392742276
13.0089784234273
3.04175835156884
4.06986717356057
3.05163906887174
1.84078002348542
24.0735726141927
7.4027432128787
0.396507817626436
6.72159823917894
5.18360640853643
1.54630774404678
6.61608413793147
2.35573067724981
2.83325704303628
4.04345281984889
0.462953466922045
3.26425302773714
26.5245710045488
23.1820425849058
55.0012905176105
9.68367391440974
0.0408294233674677
20.8380830008537
2.23595881834626
17.1741476852918
10.1906136681656
2.39706947468221
14.5884254015982
15.4283526353538
1.63236072548823
34.2136085964739
39.6977865602821
12.7350399270654
12.8044855372903
23.8527482814804
1.84593358606018
30.0462241284549
1.03251029975688
16.3220115937293
10.9245483446806
6.54923380352557
11.0098836012185
28.7934590596706
4.57723857834935
7.25105404853821
18.2435743045062
26.6687862554684
2.61275563389063
20.7894703299812
19.0497855574137
0.946809543051339
17.6663927683128
48.1847272021696
4.07016016966964
7.90920108556747
20.9515370002682
4.19542996678501
7.34046567231417
4.7531514428556
4.5939199658256
1.3169483281672
6.24859472736716
9.97227145065985
28.9100448135287
5.41283077633634
26.8503350286453
21.7480295737876
39.0046720847981
22.7528573493976
2.43757618591189
2.84695182926953
17.8554293233901
6.11258205026388
8.22090274209322
28.0777644366026
16.9343048306995
17.9671249913924
2.93362885713577
13.0595321544522
15.815362567082
61.5542731247842
1.34734669700265
9.74148759033486
23.1204472337806
8.00646375864744
1.61034869961441
16.4744167338474
0.89693465270102
12.2082128655165
0.100648762963469
45.5729138338938
25.6623309030146
2.29789279343906
2.02952740106855
